 25
 15
 29
 52
  1
 68
 93
 23
 54
 45
 47
 37
 26
 30
 33
 98
 32
 87
 44
 71
 66
 81
 59
 83
 48
 79
 73
  7
 75
 17
 13
 76
  5
  2
 34
 99
 85
  9
 51
 24
 20
 72
 38
 80
  8
 53
 57
 10
 84
 90
 46
 56
 19
 67
 64
 62
 63
 18
100
 69
  3
 92
 60
 49
 22
 58
  4
 40
 41
 88
 42
  6
 28
 21
 70
 74
 94
 97
 36
 77
 43
 12
 31
 14
 27
 96
 61
 39
 95
 65
 82
 89
 11
 16
 55
 78
 50
 35
 91
 86
